id	effectiveTime	active	moduleId	definitionStatusId
11002000107	20250509	1	11002000107	900000000000074008
21002000101	20250509	1	11002000107	900000000000074008
31002000103	20250509	1	11002000107	900000000000074008
41002000106	20250509	1	11002000107	900000000000074008
51002000108	20250509	1	11002000107	900000000000074008
61002000105	20250509	1	11002000107	900000000000074008
71002000100	20250509	1	11002000107	900000000000074008
81002000102	20250509	1	11002000107	900000000000074008
91002000104	20250509	1	11002000107	900000000000074008
101002000100	20250509	1	11002000107	900000000000074008
111002000102	20250509	1	11002000107	900000000000074008
121002000108	20250509	1	11002000107	900000000000074008
131002000106	20250509	1	11002000107	900000000000074008
141002000103	20250509	1	11002000107	900000000000074008
151002000101	20250509	1	11002000107	900000000000074008
161002000104	20250509	1	11002000107	900000000000074008
171002000109	20250509	1	11002000107	900000000000074008
181002000107	20250509	1	11002000107	900000000000074008
191002000105	20250509	1	11002000107	900000000000074008
201002000108	20250509	1	11002000107	900000000000074008
211002000106	20250509	1	11002000107	900000000000074008
221002000100	20250509	1	11002000107	900000000000074008
231002000102	20250509	1	11002000107	900000000000074008
241002000105	20250509	1	11002000107	900000000000074008
251002000107	20250509	1	11002000107	900000000000074008
261002000109	20250509	1	11002000107	900000000000074008
271002000104	20250509	1	11002000107	900000000000074008
281002000101	20250509	1	11002000107	900000000000074008
291002000103	20250509	1	11002000107	900000000000074008
301002000102	20250509	1	11002000107	900000000000074008
311002000104	20250509	1	11002000107	900000000000074008
321002000105	20250509	1	11002000107	900000000000074008
331002000108	20250509	1	11002000107	900000000000074008
341002000100	20250509	1	11002000107	900000000000074008
351002000103	20250509	1	11002000107	900000000000074008
361002000101	20250509	1	11002000107	900000000000074008
371002000106	20250509	1	11002000107	900000000000074008
381002000109	20250509	1	11002000107	900000000000074008
391002000107	20250509	1	11002000107	900000000000074008
401002000109	20250509	1	11002000107	900000000000074008
411002000107	20250509	1	11002000107	900000000000074008
421002000101	20250509	1	11002000107	900000000000074008
431002000103	20250509	1	11002000107	900000000000074008
441002000106	20250509	1	11002000107	900000000000074008
451002000108	20250509	1	11002000107	900000000000074008
461002000105	20250509	1	11002000107	900000000000074008
471002000100	20250509	1	11002000107	900000000000074008
481002000102	20250509	1	11002000107	900000000000074008
491002000104	20250509	1	11002000107	900000000000074008
501002000105	20250509	1	11002000107	900000000000074008
511002000108	20250509	1	11002000107	900000000000074008
521002000102	20250509	1	11002000107	900000000000074008
531002000104	20250509	1	11002000107	900000000000074008
541002000107	20250509	1	11002000107	900000000000074008
551002000109	20250509	1	11002000107	900000000000074008
561002000106	20250509	1	11002000107	900000000000074008
571002000101	20250509	1	11002000107	900000000000074008
581002000103	20250509	1	11002000107	900000000000074008
591002000100	20250509	1	11002000107	900000000000074008
601002000106	20250509	1	11002000107	900000000000074008
611002000109	20250509	1	11002000107	900000000000074008
621002000103	20250509	1	11002000107	900000000000074008
631002000100	20250509	1	11002000107	900000000000074008
641002000108	20250509	1	11002000107	900000000000074008
651002000105	20250509	1	11002000107	900000000000074008
661002000107	20250509	1	11002000107	900000000000074008
671002000102	20250509	1	11002000107	900000000000074008
681002000104	20250509	1	11002000107	900000000000074008
691002000101	20250509	1	11002000107	900000000000074008
701002000101	20250509	1	11002000107	900000000000074008
711002000103	20250509	1	11002000107	900000000000074008
721002000109	20250509	1	11002000107	900000000000074008
731002000107	20250509	1	11002000107	900000000000074008
741002000104	20250509	1	11002000107	900000000000074008
751002000102	20250509	1	11002000107	900000000000074008
761002000100	20250509	1	11002000107	900000000000074008
771002000105	20250509	1	11002000107	900000000000074008
781002000108	20250509	1	11002000107	900000000000074008
791002000106	20250509	1	11002000107	900000000000074008
801002000107	20250509	1	11002000107	900000000000074008
811002000105	20250509	1	11002000107	900000000000074008
821002000104	20250509	1	11002000107	900000000000074008
831002000101	20250509	1	11002000107	900000000000074008
841002000109	20250509	1	11002000107	900000000000074008
851002000106	20250509	1	11002000107	900000000000074008
861002000108	20250509	1	11002000107	900000000000074008
871002000103	20250509	1	11002000107	900000000000074008
881002000100	20250509	1	11002000107	900000000000074008
891002000102	20250509	1	11002000107	900000000000074008
901002000103	20250509	1	11002000107	900000000000074008
911002000100	20250509	1	11002000107	900000000000074008
921002000106	20250509	1	11002000107	900000000000074008
931002000109	20250509	1	11002000107	900000000000074008
941002000101	20250509	1	11002000107	900000000000074008
951002000104	20250509	1	11002000107	900000000000074008
961002000102	20250509	1	11002000107	900000000000074008
971002000107	20250509	1	11002000107	900000000000074008
981002000105	20250509	1	11002000107	900000000000074008
991002000108	20250509	1	11002000107	900000000000074008
1001002000100	20250509	1	11002000107	900000000000074008
1011002000102	20250509	1	11002000107	900000000000074008
1021002000108	20250509	1	11002000107	900000000000074008
1031002000106	20250509	1	11002000107	900000000000074008
1041002000103	20250509	1	11002000107	900000000000074008
1051002000101	20250509	1	11002000107	900000000000074008
1061002000104	20250509	1	11002000107	900000000000074008
1071002000109	20250509	1	11002000107	900000000000074008
1081002000107	20250509	1	11002000107	900000000000074008
1091002000105	20250509	1	11002000107	900000000000074008
1101002000101	20250509	1	11002000107	900000000000074008
1111002000103	20250509	1	11002000107	900000000000074008
1121002000109	20250509	1	11002000107	900000000000074008
1131002000107	20250509	1	11002000107	900000000000074008
1141002000104	20250509	1	11002000107	900000000000074008
1151002000102	20250509	1	11002000107	900000000000074008
1161002000100	20250509	1	11002000107	900000000000074008
1171002000105	20250509	1	11002000107	900000000000074008
1181002000108	20250509	1	11002000107	900000000000074008
1191002000106	20250509	1	11002000107	900000000000074008
1201002000109	20250509	1	11002000107	900000000000074008
1211002000107	20250509	1	11002000107	900000000000074008
1221002000101	20250509	1	11002000107	900000000000074008
1231002000103	20250509	1	11002000107	900000000000074008
1241002000106	20250509	1	11002000107	900000000000074008
1251002000108	20250509	1	11002000107	900000000000074008
1261002000105	20250509	1	11002000107	900000000000074008
1271002000100	20250509	1	11002000107	900000000000074008
1281002000102	20250509	1	11002000107	900000000000074008
1291002000104	20250509	1	11002000107	900000000000074008
1301002000103	20250509	1	11002000107	900000000000074008
1311002000100	20250509	1	11002000107	900000000000074008
1321002000106	20250509	1	11002000107	900000000000074008
1331002000109	20250509	1	11002000107	900000000000074008
1341002000101	20250509	1	11002000107	900000000000074008
1351002000104	20250509	1	11002000107	900000000000074008
1361002000102	20250509	1	11002000107	900000000000074008
1371002000107	20250509	1	11002000107	900000000000074008
1381002000105	20250509	1	11002000107	900000000000074008
1391002000108	20250509	1	11002000107	900000000000074008
1401002000105	20250509	1	11002000107	900000000000074008
1411002000108	20250509	1	11002000107	900000000000074008
1421002000102	20250509	1	11002000107	900000000000074008
1431002000104	20250509	1	11002000107	900000000000074008
1441002000107	20250509	1	11002000107	900000000000074008
1451002000109	20250509	1	11002000107	900000000000074008
1461002000106	20250509	1	11002000107	900000000000074008
1471002000101	20250509	1	11002000107	900000000000074008
1481002000103	20250509	1	11002000107	900000000000074008
1491002000100	20250509	1	11002000107	900000000000074008
1501002000106	20250509	1	11002000107	900000000000074008
1511002000109	20250509	1	11002000107	900000000000074008
1521002000103	20250509	1	11002000107	900000000000074008
1531002000100	20250509	1	11002000107	900000000000074008
1541002000108	20250509	1	11002000107	900000000000074008
1551002000105	20250509	1	11002000107	900000000000074008
1561002000107	20250509	1	11002000107	900000000000074008
1571002000102	20250509	1	11002000107	900000000000074008
1581002000104	20250509	1	11002000107	900000000000074008
1591002000101	20250509	1	11002000107	900000000000074008
1601002000107	20250509	1	11002000107	900000000000074008
1611002000105	20250509	1	11002000107	900000000000074008
1621002000104	20250509	1	11002000107	900000000000074008
1631002000101	20250509	1	11002000107	900000000000074008
1641002000109	20250509	1	11002000107	900000000000074008
1651002000106	20250509	1	11002000107	900000000000074008
1661002000108	20250509	1	11002000107	900000000000073002
1671002000103	20250509	1	11002000107	900000000000074008
1681002000100	20250509	1	11002000107	900000000000074008
1691002000102	20250509	1	11002000107	900000000000074008
1701002000102	20250509	1	11002000107	900000000000073002
1711002000104	20250509	1	11002000107	900000000000074008
1721002000105	20250509	1	11002000107	900000000000074008
1731002000108	20250509	1	11002000107	900000000000074008
1741002000100	20250509	1	11002000107	900000000000074008
1751002000103	20250509	1	11002000107	900000000000074008
1761002000101	20250509	1	11002000107	900000000000074008
1771002000106	20250509	1	11002000107	900000000000074008
1781002000109	20250509	1	11002000107	900000000000074008
1791002000107	20250509	1	11002000107	900000000000074008
1801002000108	20250509	1	11002000107	900000000000074008
1811002000106	20250509	1	11002000107	900000000000074008
1821002000100	20250509	1	11002000107	900000000000074008
1831002000102	20250509	1	11002000107	900000000000074008
1841002000105	20250509	1	11002000107	900000000000074008
1851002000107	20250509	1	11002000107	900000000000074008
1861002000109	20250509	1	11002000107	900000000000074008
1871002000104	20250509	1	11002000107	900000000000074008
1881002000101	20250509	1	11002000107	900000000000074008
1891002000103	20250509	1	11002000107	900000000000074008
1901002000104	20250509	1	11002000107	900000000000073002
1911002000101	20250509	1	11002000107	900000000000073002
1921002000107	20250509	1	11002000107	900000000000074008
1931002000105	20250509	1	11002000107	900000000000074008
1941002000102	20250509	1	11002000107	900000000000074008
1951002000100	20250509	1	11002000107	900000000000074008
1961002000103	20250509	1	11002000107	900000000000074008
1971002000108	20250509	1	11002000107	900000000000074008
1981002000106	20250509	1	11002000107	900000000000074008
1991002000109	20250509	1	11002000107	900000000000074008
2001002000106	20250509	1	11002000107	900000000000074008
2011002000109	20250509	1	11002000107	900000000000074008
2021002000103	20250509	1	11002000107	900000000000074008
2031002000100	20250509	1	11002000107	900000000000074008
2041002000108	20250509	1	11002000107	900000000000074008
2051002000105	20250509	1	11002000107	900000000000073002
2061002000107	20250509	1	11002000107	900000000000073002
2071002000102	20250509	1	11002000107	900000000000074008
2081002000104	20250509	1	11002000107	900000000000073002
2091002000101	20250509	1	11002000107	900000000000073002
2101002000105	20250509	1	11002000107	900000000000073002
2111002000108	20250509	1	11002000107	900000000000074008
2121002000102	20250509	1	11002000107	900000000000074008
2131002000104	20250509	1	11002000107	900000000000074008
2141002000107	20250509	1	11002000107	900000000000074008
2151002000109	20250509	1	11002000107	900000000000074008
2161002000106	20250509	1	11002000107	900000000000074008
2171002000101	20250509	1	11002000107	900000000000074008
2181002000103	20250509	1	11002000107	900000000000074008
2191002000100	20250509	1	11002000107	900000000000074008
2201002000102	20250509	1	11002000107	900000000000074008
2211002000104	20250509	1	11002000107	900000000000074008
2221002000105	20250509	1	11002000107	900000000000074008
2231002000108	20250509	1	11002000107	900000000000074008
2241002000100	20250509	1	11002000107	900000000000074008
2251002000103	20250509	1	11002000107	900000000000074008
2261002000101	20250509	1	11002000107	900000000000073002
2271002000106	20250509	1	11002000107	900000000000074008
2281002000109	20250509	1	11002000107	900000000000073002
2291002000107	20250509	1	11002000107	900000000000073002
2301002000108	20250509	1	11002000107	900000000000074008
2311002000106	20250509	1	11002000107	900000000000073002
2321002000100	20250509	1	11002000107	900000000000073002
2331002000102	20250509	1	11002000107	900000000000074008
2341002000105	20250509	1	11002000107	900000000000073002
2351002000107	20250509	1	11002000107	900000000000073002
2361002000109	20250509	1	11002000107	900000000000073002
2371002000104	20250509	1	11002000107	900000000000074008
2381002000101	20250509	1	11002000107	900000000000074008
2391002000103	20250509	1	11002000107	900000000000073002
2401002000101	20250509	1	11002000107	900000000000074008
2411002000103	20250509	1	11002000107	900000000000074008
2421002000109	20250509	1	11002000107	900000000000074008
2431002000107	20250509	1	11002000107	900000000000074008
2441002000104	20250509	1	11002000107	900000000000074008
2451002000102	20250509	1	11002000107	900000000000074008
2461002000100	20250509	1	11002000107	900000000000074008
2471002000105	20250509	1	11002000107	900000000000073002
2481002000108	20250509	1	11002000107	900000000000074008
2491002000106	20250509	1	11002000107	900000000000073002
2501002000100	20250509	1	11002000107	900000000000074008
2511002000102	20250509	1	11002000107	900000000000073002
2521002000108	20250509	1	11002000107	900000000000074008
2531002000106	20250509	1	11002000107	900000000000073002
2541002000103	20250509	1	11002000107	900000000000073002
2551002000101	20250509	1	11002000107	900000000000073002
2561002000104	20250509	1	11002000107	900000000000073002
2571002000109	20250509	1	11002000107	900000000000074008
2581002000107	20250509	1	11002000107	900000000000073002
2591002000105	20250509	1	11002000107	900000000000073002
2601002000104	20250509	1	11002000107	900000000000073002
2611002000101	20250509	1	11002000107	900000000000073002
2621002000107	20250509	1	11002000107	900000000000074008
2631002000105	20250509	1	11002000107	900000000000073002
2641002000102	20250509	1	11002000107	900000000000074008
2651002000100	20250509	1	11002000107	900000000000073002
2661002000103	20250509	1	11002000107	900000000000074008
2671002000108	20250509	1	11002000107	900000000000073002
2681002000106	20250509	1	11002000107	900000000000073002
2691002000109	20250509	1	11002000107	900000000000074008
2701002000109	20250509	1	11002000107	900000000000073002
2711002000107	20250509	1	11002000107	900000000000073002
2721002000101	20250509	1	11002000107	900000000000074008
2731002000103	20250509	1	11002000107	900000000000073002
2741002000106	20250509	1	11002000107	900000000000074008
2751002000108	20250509	1	11002000107	900000000000074008
2761002000105	20250509	1	11002000107	900000000000073002
2771002000100	20250509	1	11002000107	900000000000073002
2781002000102	20250509	1	11002000107	900000000000074008
2791002000104	20250509	1	11002000107	900000000000074008
2801002000103	20250509	1	11002000107	900000000000074008
2811002000100	20250509	1	11002000107	900000000000074008
2821002000106	20250509	1	11002000107	900000000000074008
2831002000109	20250509	1	11002000107	900000000000074008
2841002000101	20250509	1	11002000107	900000000000074008
2851002000104	20250509	1	11002000107	900000000000074008
2861002000102	20250509	1	11002000107	900000000000074008
2871002000107	20250509	1	11002000107	900000000000074008
2881002000105	20250509	1	11002000107	900000000000074008
2891002000108	20250509	1	11002000107	900000000000074008
2901002000107	20250509	1	11002000107	900000000000074008
2911002000105	20250509	1	11002000107	900000000000074008
2921002000104	20250509	1	11002000107	900000000000074008
2931002000101	20250509	1	11002000107	900000000000074008
2941002000109	20250509	1	11002000107	900000000000074008
2951002000106	20250509	1	11002000107	900000000000074008
2961002000108	20250509	1	11002000107	900000000000074008
2971002000103	20250509	1	11002000107	900000000000074008
2981002000100	20250509	1	11002000107	900000000000074008
2991002000102	20250509	1	11002000107	900000000000074008
3001002000101	20250509	1	11002000107	900000000000074008
3011002000103	20250509	1	11002000107	900000000000074008
3021002000109	20250509	1	11002000107	900000000000074008
3031002000107	20250509	1	11002000107	900000000000074008
3041002000104	20250509	1	11002000107	900000000000074008
3051002000102	20250509	1	11002000107	900000000000074008
3061002000100	20250509	1	11002000107	900000000000074008
3071002000105	20250509	1	11002000107	900000000000074008
3081002000108	20250509	1	11002000107	900000000000074008
3091002000106	20250509	1	11002000107	900000000000074008
3101002000102	20250509	1	11002000107	900000000000074008
3111002000104	20250509	1	11002000107	900000000000074008
3121002000105	20250509	1	11002000107	900000000000074008
3131002000108	20250509	1	11002000107	900000000000074008
3141002000100	20250509	1	11002000107	900000000000074008
3151002000103	20250509	1	11002000107	900000000000074008
3161002000101	20250509	1	11002000107	900000000000074008
3171002000106	20250509	1	11002000107	900000000000074008
3181002000109	20250509	1	11002000107	900000000000074008
3191002000107	20250509	1	11002000107	900000000000074008
3201002000105	20250509	1	11002000107	900000000000074008
3211002000108	20250509	1	11002000107	900000000000074008
3221002000102	20250509	1	11002000107	900000000000074008
3231002000104	20250509	1	11002000107	900000000000074008
3241002000107	20250509	1	11002000107	900000000000074008
3251002000109	20250509	1	11002000107	900000000000074008
3261002000106	20250509	1	11002000107	900000000000074008
3271002000101	20250509	1	11002000107	900000000000074008
3281002000103	20250509	1	11002000107	900000000000074008
3291002000100	20250509	1	11002000107	900000000000074008
3301002000104	20250509	1	11002000107	900000000000074008
3311002000101	20250509	1	11002000107	900000000000074008
3321002000107	20250509	1	11002000107	900000000000074008
3331002000105	20250509	1	11002000107	900000000000074008
3341002000102	20250509	1	11002000107	900000000000074008
3351002000100	20250509	1	11002000107	900000000000074008
3361002000103	20250509	1	11002000107	900000000000074008
3371002000108	20250509	1	11002000107	900000000000074008
3381002000106	20250509	1	11002000107	900000000000074008
3391002000109	20250509	1	11002000107	900000000000074008
3401002000106	20250509	1	11002000107	900000000000074008
3411002000109	20250509	1	11002000107	900000000000074008
3421002000103	20250509	1	11002000107	900000000000074008
3431002000100	20250509	1	11002000107	900000000000074008
3441002000108	20250509	1	11002000107	900000000000074008
3451002000105	20250509	1	11002000107	900000000000074008
3461002000107	20250509	1	11002000107	900000000000074008
3471002000102	20250509	1	11002000107	900000000000074008
3481002000104	20250509	1	11002000107	900000000000074008
3491002000101	20250509	1	11002000107	900000000000074008
3501002000107	20250509	1	11002000107	900000000000074008
3511002000105	20250509	1	11002000107	900000000000074008
3521002000104	20250509	1	11002000107	900000000000074008
3531002000101	20250509	1	11002000107	900000000000074008
3541002000109	20250509	1	11002000107	900000000000074008
3551002000106	20250509	1	11002000107	900000000000074008
3561002000108	20250509	1	11002000107	900000000000074008
3571002000103	20250509	1	11002000107	900000000000074008
3581002000100	20250509	1	11002000107	900000000000074008
3591002000102	20250509	1	11002000107	900000000000074008
3601002000108	20250509	1	11002000107	900000000000074008
3611002000106	20250509	1	11002000107	900000000000074008
3621002000100	20250509	1	11002000107	900000000000074008
3631002000102	20250509	1	11002000107	900000000000074008
3641002000105	20250509	1	11002000107	900000000000074008
3651002000107	20250509	1	11002000107	900000000000074008
3661002000109	20250509	1	11002000107	900000000000074008
3671002000104	20250509	1	11002000107	900000000000074008
3681002000101	20250509	1	11002000107	900000000000074008
3691002000103	20250509	1	11002000107	900000000000074008
3701002000103	20250509	1	11002000107	900000000000074008
3711002000100	20250509	1	11002000107	900000000000074008
3721002000106	20250509	1	11002000107	900000000000074008
3731002000109	20250509	1	11002000107	900000000000074008
3741002000101	20250509	1	11002000107	900000000000074008
3751002000104	20250509	1	11002000107	900000000000074008
3761002000102	20250509	1	11002000107	900000000000074008
3771002000107	20250509	1	11002000107	900000000000074008
3781002000105	20250509	1	11002000107	900000000000074008
3791002000108	20250509	1	11002000107	900000000000074008
3801002000109	20250509	1	11002000107	900000000000074008
3811002000107	20250509	1	11002000107	900000000000074008
3821002000101	20250509	1	11002000107	900000000000074008
3831002000103	20250509	1	11002000107	900000000000074008
3841002000106	20250509	1	11002000107	900000000000074008
3851002000108	20250509	1	11002000107	900000000000074008
3861002000105	20250509	1	11002000107	900000000000074008
3871002000100	20250509	1	11002000107	900000000000074008
3881002000102	20250509	1	11002000107	900000000000074008
3891002000104	20250509	1	11002000107	900000000000073002
3901002000100	20250509	1	11002000107	900000000000074008
3911002000102	20250509	1	11002000107	900000000000074008
3921002000108	20250509	1	11002000107	900000000000074008
3931002000106	20250509	1	11002000107	900000000000074008
3941002000103	20250509	1	11002000107	900000000000074008
3951002000101	20250509	1	11002000107	900000000000074008
3961002000104	20250509	1	11002000107	900000000000074008
3971002000109	20250509	1	11002000107	900000000000074008
3981002000107	20250509	1	11002000107	900000000000074008
3991002000105	20250509	1	11002000107	900000000000074008
4001002000103	20250509	1	11002000107	900000000000074008
4011002000100	20250509	1	11002000107	900000000000074008
4021002000106	20250509	1	11002000107	900000000000074008
4031002000109	20250509	1	11002000107	900000000000074008
4041002000101	20250509	1	11002000107	900000000000074008
4051002000104	20250509	1	11002000107	900000000000074008
4061002000102	20250509	1	11002000107	900000000000074008
4071002000107	20250509	1	11002000107	900000000000074008
4081002000105	20250509	1	11002000107	900000000000074008
4091002000108	20250509	1	11002000107	900000000000074008
4101002000104	20250509	1	11002000107	900000000000074008
4111002000101	20250509	1	11002000107	900000000000074008
4121002000107	20250509	1	11002000107	900000000000074008
4131002000105	20250509	1	11002000107	900000000000074008
4141002000102	20250509	1	11002000107	900000000000074008
4151002000100	20250509	1	11002000107	900000000000074008
4161002000103	20250509	1	11002000107	900000000000074008
4171002000108	20250509	1	11002000107	900000000000074008
4181002000106	20250509	1	11002000107	900000000000074008
4191002000109	20250509	1	11002000107	900000000000074008
4201002000107	20250509	1	11002000107	900000000000074008
4211002000105	20250509	1	11002000107	900000000000074008
4221002000104	20250509	1	11002000107	900000000000074008
4231002000101	20250509	1	11002000107	900000000000074008
4241002000109	20250509	1	11002000107	900000000000074008
4251002000106	20250509	1	11002000107	900000000000074008
4261002000108	20250509	1	11002000107	900000000000074008
4271002000103	20250509	1	11002000107	900000000000074008
4281002000100	20250509	1	11002000107	900000000000074008
4291002000102	20250509	1	11002000107	900000000000074008
4301002000101	20250509	1	11002000107	900000000000074008
4311002000103	20250509	1	11002000107	900000000000074008
4321002000109	20250509	1	11002000107	900000000000074008
4331002000107	20250509	1	11002000107	900000000000074008
4341002000104	20250509	1	11002000107	900000000000074008
4351002000102	20250509	1	11002000107	900000000000074008
4361002000100	20250509	1	11002000107	900000000000074008
4371002000105	20250509	1	11002000107	900000000000074008
4381002000108	20250509	1	11002000107	900000000000074008
4391002000106	20250509	1	11002000107	900000000000074008
4401002000108	20250509	1	11002000107	900000000000074008
4411002000106	20250509	1	11002000107	900000000000074008
4421002000100	20250509	1	11002000107	900000000000074008
4431002000102	20250509	1	11002000107	900000000000073002
4441002000105	20250509	1	11002000107	900000000000074008
4451002000107	20250509	1	11002000107	900000000000074008
4461002000109	20250509	1	11002000107	900000000000074008
4471002000104	20250509	1	11002000107	900000000000073002
4481002000101	20250509	1	11002000107	900000000000074008
4491002000103	20250509	1	11002000107	900000000000074008
4501002000109	20250509	1	11002000107	900000000000074008
4511002000107	20250509	1	11002000107	900000000000074008
4521002000101	20250509	1	11002000107	900000000000074008
4531002000103	20250509	1	11002000107	900000000000074008
4541002000106	20250509	1	11002000107	900000000000074008
4551002000108	20250509	1	11002000107	900000000000074008
4561002000105	20250509	1	11002000107	900000000000074008
4571002000100	20250509	1	11002000107	900000000000074008
4581002000102	20250509	1	11002000107	900000000000074008
4591002000104	20250509	1	11002000107	900000000000074008
4601002000105	20250509	1	11002000107	900000000000074008
4611002000108	20250509	1	11002000107	900000000000073002
4621002000102	20250509	1	11002000107	900000000000074008
4631002000104	20250509	1	11002000107	900000000000074008
4641002000107	20250509	1	11002000107	900000000000074008
4651002000109	20250509	1	11002000107	900000000000073002
4661002000106	20250509	1	11002000107	900000000000073002
4671002000101	20250509	1	11002000107	900000000000074008
4681002000103	20250509	1	11002000107	900000000000074008
4691002000100	20250509	1	11002000107	900000000000074008
4701002000100	20250509	1	11002000107	900000000000074008
4711002000102	20250509	1	11002000107	900000000000074008
4721002000108	20250509	1	11002000107	900000000000074008
4731002000106	20250509	1	11002000107	900000000000074008
4741002000103	20250509	1	11002000107	900000000000074008
4751002000101	20250509	1	11002000107	900000000000074008
4761002000104	20250509	1	11002000107	900000000000074008
4771002000109	20250509	1	11002000107	900000000000074008
4781002000107	20250509	1	11002000107	900000000000074008
4791002000105	20250509	1	11002000107	900000000000074008
4801002000106	20250509	1	11002000107	900000000000074008
4811002000109	20250509	1	11002000107	900000000000073002
4821002000103	20250509	1	11002000107	900000000000074008
4831002000100	20250509	1	11002000107	900000000000074008
4841002000108	20250509	1	11002000107	900000000000074008
4851002000105	20250509	1	11002000107	900000000000074008
4861002000107	20250509	1	11002000107	900000000000074008
4871002000102	20250509	1	11002000107	900000000000074008
4881002000104	20250509	1	11002000107	900000000000074008
4891002000101	20250509	1	11002000107	900000000000074008
4901002000102	20250509	1	11002000107	900000000000074008
4911002000104	20250509	1	11002000107	900000000000074008
4921002000105	20250509	1	11002000107	900000000000074008
4931002000108	20250509	1	11002000107	900000000000074008
4941002000100	20250509	1	11002000107	900000000000074008
4951002000103	20250509	1	11002000107	900000000000074008
4961002000101	20250509	1	11002000107	900000000000074008
4971002000106	20250509	1	11002000107	900000000000074008
4981002000109	20250509	1	11002000107	900000000000074008
4991002000107	20250509	1	11002000107	900000000000074008
5001002000102	20250509	1	11002000107	900000000000074008
5011002000104	20250509	1	11002000107	900000000000074008
5021002000105	20250509	1	11002000107	900000000000074008
5031002000108	20250509	1	11002000107	900000000000074008
5041002000100	20250509	1	11002000107	900000000000074008
5051002000103	20250509	1	11002000107	900000000000074008
5061002000101	20250509	1	11002000107	900000000000073002
5071002000106	20250509	1	11002000107	900000000000073002
5081002000109	20250509	1	11002000107	900000000000074008
5091002000107	20250509	1	11002000107	900000000000074008
5101002000103	20250509	1	11002000107	900000000000074008
5111002000100	20250509	1	11002000107	900000000000074008
5121002000106	20250509	1	11002000107	900000000000074008
5131002000109	20250509	1	11002000107	900000000000074008
5141002000101	20250509	1	11002000107	900000000000074008
5151002000104	20250509	1	11002000107	900000000000074008
5161002000102	20250509	1	11002000107	900000000000074008
5171002000107	20250509	1	11002000107	900000000000074008
5181002000105	20250509	1	11002000107	900000000000074008
5191002000108	20250509	1	11002000107	900000000000074008
5201002000106	20250509	1	11002000107	900000000000074008
5211002000109	20250509	1	11002000107	900000000000074008
5221002000103	20250509	1	11002000107	900000000000074008
5231002000100	20250509	1	11002000107	900000000000074008
5241002000108	20250509	1	11002000107	900000000000074008
5251002000105	20250509	1	11002000107	900000000000074008
5261002000107	20250509	1	11002000107	900000000000074008
5271002000102	20250509	1	11002000107	900000000000074008
5281002000104	20250509	1	11002000107	900000000000074008
5291002000101	20250509	1	11002000107	900000000000074008
5301002000100	20250509	1	11002000107	900000000000074008
5311002000102	20250509	1	11002000107	900000000000074008
5321002000108	20250509	1	11002000107	900000000000074008
5331002000106	20250509	1	11002000107	900000000000074008
5341002000103	20250509	1	11002000107	900000000000074008
5351002000101	20250509	1	11002000107	900000000000074008
5361002000104	20250509	1	11002000107	900000000000074008
5371002000109	20250509	1	11002000107	900000000000074008
5381002000107	20250509	1	11002000107	900000000000074008
5391002000105	20250509	1	11002000107	900000000000074008
5401002000107	20250509	1	11002000107	900000000000074008
5411002000105	20250509	1	11002000107	900000000000074008
5421002000104	20250509	1	11002000107	900000000000074008
5431002000101	20250509	1	11002000107	900000000000074008
5441002000109	20250509	1	11002000107	900000000000074008
5451002000106	20250509	1	11002000107	900000000000074008
5461002000108	20250509	1	11002000107	900000000000074008
5471002000103	20250509	1	11002000107	900000000000074008
5481002000100	20250509	1	11002000107	900000000000073002
5491002000102	20250509	1	11002000107	900000000000074008
5501002000108	20250509	1	11002000107	900000000000074008
5511002000106	20250509	1	11002000107	900000000000074008
5521002000100	20250509	1	11002000107	900000000000074008
5531002000102	20250509	1	11002000107	900000000000074008
5541002000105	20250509	1	11002000107	900000000000074008
5551002000107	20250509	1	11002000107	900000000000074008
5561002000109	20250509	1	11002000107	900000000000074008
5571002000104	20250509	1	11002000107	900000000000074008
5581002000101	20250509	1	11002000107	900000000000074008
5591002000103	20250509	1	11002000107	900000000000074008
5601002000109	20250509	1	11002000107	900000000000074008
5611002000107	20250509	1	11002000107	900000000000074008
5621002000101	20250509	1	11002000107	900000000000074008
5631002000103	20250509	1	11002000107	900000000000074008
5641002000106	20250509	1	11002000107	900000000000074008
5651002000108	20250509	1	11002000107	900000000000074008
5661002000105	20250509	1	11002000107	900000000000074008
5671002000100	20250509	1	11002000107	900000000000074008
5681002000102	20250509	1	11002000107	900000000000074008
5691002000104	20250509	1	11002000107	900000000000074008
5701002000104	20250509	1	11002000107	900000000000074008
5711002000101	20250509	1	11002000107	900000000000074008
5721002000107	20250509	1	11002000107	900000000000074008
5731002000105	20250509	1	11002000107	900000000000074008
5741002000102	20250509	1	11002000107	900000000000074008
5751002000100	20250509	1	11002000107	900000000000074008
5761002000103	20250509	1	11002000107	900000000000074008
5771002000108	20250509	1	11002000107	900000000000074008
5781002000106	20250509	1	11002000107	900000000000074008
5791002000109	20250509	1	11002000107	900000000000074008
5801002000105	20250509	1	11002000107	900000000000074008
5811002000108	20250509	1	11002000107	900000000000074008
5821002000102	20250509	1	11002000107	900000000000074008
5831002000104	20250509	1	11002000107	900000000000074008
5841002000107	20250509	1	11002000107	900000000000074008
5851002000109	20250509	1	11002000107	900000000000074008
5861002000106	20250509	1	11002000107	900000000000074008
5871002000101	20250509	1	11002000107	900000000000074008
5881002000103	20250509	1	11002000107	900000000000074008
5891002000100	20250509	1	11002000107	900000000000074008
5901002000101	20250509	1	11002000107	900000000000074008
5911002000103	20250509	1	11002000107	900000000000074008
5921002000109	20250509	1	11002000107	900000000000074008
5931002000107	20250509	1	11002000107	900000000000074008
5941002000104	20250509	1	11002000107	900000000000074008
5951002000102	20250509	1	11002000107	900000000000074008
5961002000100	20250509	1	11002000107	900000000000074008
5971002000105	20250509	1	11002000107	900000000000074008
5981002000108	20250509	1	11002000107	900000000000074008
5991002000106	20250509	1	11002000107	900000000000074008
6001002000107	20250509	1	11002000107	900000000000074008
6011002000105	20250509	1	11002000107	900000000000074008
6021002000104	20250509	1	11002000107	900000000000074008
6031002000101	20250509	1	11002000107	900000000000074008
6041002000109	20250509	1	11002000107	900000000000074008
6051002000106	20250509	1	11002000107	900000000000074008
6061002000108	20250509	1	11002000107	900000000000074008
6071002000103	20250509	1	11002000107	900000000000074008
6081002000100	20250509	1	11002000107	900000000000074008
6091002000102	20250509	1	11002000107	900000000000074008
6101002000106	20250509	1	11002000107	900000000000074008
6111002000109	20250509	1	11002000107	900000000000074008
6121002000103	20250509	1	11002000107	900000000000074008
6131002000100	20250509	1	11002000107	900000000000074008
6141002000108	20250509	1	11002000107	900000000000074008
6151002000105	20250509	1	11002000107	900000000000074008
6161002000107	20250509	1	11002000107	900000000000074008
6171002000102	20250509	1	11002000107	900000000000074008
6181002000104	20250509	1	11002000107	900000000000074008
6191002000101	20250509	1	11002000107	900000000000074008
6201002000103	20250509	1	11002000107	900000000000074008
6211002000100	20250509	1	11002000107	900000000000074008
6221002000106	20250509	1	11002000107	900000000000074008
6231002000109	20250509	1	11002000107	900000000000073002
6241002000101	20250509	1	11002000107	900000000000074008
6251002000104	20250509	1	11002000107	900000000000074008
6261002000102	20250509	1	11002000107	900000000000074008
6271002000107	20250509	1	11002000107	900000000000074008
6281002000105	20250509	1	11002000107	900000000000074008
6291002000108	20250509	1	11002000107	900000000000074008
6301002000109	20250509	1	11002000107	900000000000073002
6311002000107	20250509	1	11002000107	900000000000073002
6321002000101	20250509	1	11002000107	900000000000074008
6331002000103	20250509	1	11002000107	900000000000074008
6341002000106	20250509	1	11002000107	900000000000073002
6351002000108	20250509	1	11002000107	900000000000074008
6361002000105	20250509	1	11002000107	900000000000074008
6371002000100	20250509	1	11002000107	900000000000074008
6381002000102	20250509	1	11002000107	900000000000074008
6391002000104	20250509	1	11002000107	900000000000074008
6401002000102	20250509	1	11002000107	900000000000074008
6411002000104	20250509	1	11002000107	900000000000073002
6421002000105	20250509	1	11002000107	900000000000074008
6431002000108	20250509	1	11002000107	900000000000074008
6441002000100	20250509	1	11002000107	900000000000074008
6451002000103	20250509	1	11002000107	900000000000074008
6461002000101	20250509	1	11002000107	900000000000074008
6471002000106	20250509	1	11002000107	900000000000074008
6481002000109	20250509	1	11002000107	900000000000074008
6491002000107	20250509	1	11002000107	900000000000074008
6501002000101	20250509	1	11002000107	900000000000074008
6511002000103	20250509	1	11002000107	900000000000074008
6521002000109	20250509	1	11002000107	900000000000074008
6531002000107	20250509	1	11002000107	900000000000074008
6541002000104	20250509	1	11002000107	900000000000074008
6551002000102	20250509	1	11002000107	900000000000074008
6561002000100	20250509	1	11002000107	900000000000074008
6571002000105	20250509	1	11002000107	900000000000074008
6581002000108	20250509	1	11002000107	900000000000074008
6591002000106	20250509	1	11002000107	900000000000074008
6601002000100	20250509	1	11002000107	900000000000074008
6611002000102	20250509	1	11002000107	900000000000074008
6621002000108	20250509	1	11002000107	900000000000074008
6631002000106	20250509	1	11002000107	900000000000074008
6641002000103	20250509	1	11002000107	900000000000074008
6651002000101	20250509	1	11002000107	900000000000074008
6661002000104	20250509	1	11002000107	900000000000074008
6671002000109	20250509	1	11002000107	900000000000074008
6681002000107	20250509	1	11002000107	900000000000074008
6691002000105	20250509	1	11002000107	900000000000074008
6701002000105	20250509	1	11002000107	900000000000074008
6711002000108	20250509	1	11002000107	900000000000074008
6721002000102	20250509	1	11002000107	900000000000074008
6731002000104	20250509	1	11002000107	900000000000074008
6741002000107	20250509	1	11002000107	900000000000074008
6751002000109	20250509	1	11002000107	900000000000074008
6761002000106	20250509	1	11002000107	900000000000074008
6771002000101	20250509	1	11002000107	900000000000074008
6781002000103	20250509	1	11002000107	900000000000074008
6791002000100	20250509	1	11002000107	900000000000074008
6801002000104	20250509	1	11002000107	900000000000074008
6811002000101	20250509	1	11002000107	900000000000074008
6821002000107	20250509	1	11002000107	900000000000074008
6831002000105	20250509	1	11002000107	900000000000074008
6841002000102	20250509	1	11002000107	900000000000073002
6851002000100	20250509	1	11002000107	900000000000073002
6861002000103	20250509	1	11002000107	900000000000073002
6871002000108	20250509	1	11002000107	900000000000073002
6881002000106	20250509	1	11002000107	900000000000073002
6891002000109	20250509	1	11002000107	900000000000074008
6901002000108	20250509	1	11002000107	900000000000074008
6911002000106	20250509	1	11002000107	900000000000074008
6921002000100	20250509	1	11002000107	900000000000074008
6931002000102	20250509	1	11002000107	900000000000074008
6941002000105	20250509	1	11002000107	900000000000074008
6951002000107	20250509	1	11002000107	900000000000074008
6961002000109	20250509	1	11002000107	900000000000074008
6971002000104	20250509	1	11002000107	900000000000074008
6981002000101	20250509	1	11002000107	900000000000074008
6991002000103	20250509	1	11002000107	900000000000074008
7001002000109	20250509	1	11002000107	900000000000074008
7011002000107	20250509	1	11002000107	900000000000074008
7021002000101	20250509	1	11002000107	900000000000074008
7031002000103	20250509	1	11002000107	900000000000074008
7041002000106	20250509	1	11002000107	900000000000074008
7051002000108	20250509	1	11002000107	900000000000074008
7061002000105	20250509	1	11002000107	900000000000074008
7071002000100	20250509	1	11002000107	900000000000074008
7081002000102	20250509	1	11002000107	900000000000074008
7091002000104	20250509	1	11002000107	900000000000074008
7101002000108	20250509	1	11002000107	900000000000074008
7111002000106	20250509	1	11002000107	900000000000074008
7121002000100	20250509	1	11002000107	900000000000074008
7131002000102	20250509	1	11002000107	900000000000074008
7141002000105	20250509	1	11002000107	900000000000073002
7151002000107	20250509	1	11002000107	900000000000074008
7161002000109	20250509	1	11002000107	900000000000074008
7171002000104	20250509	1	11002000107	900000000000074008
7181002000101	20250509	1	11002000107	900000000000074008
7191002000103	20250509	1	11002000107	900000000000074008
7201002000100	20250509	1	11002000107	900000000000074008
7211002000102	20250509	1	11002000107	900000000000074008
7221002000108	20250509	1	11002000107	900000000000074008
7231002000106	20250509	1	11002000107	900000000000073002
7241002000103	20250509	1	11002000107	900000000000073002
7251002000101	20250509	1	11002000107	900000000000073002
7261002000104	20250509	1	11002000107	900000000000073002
7271002000109	20250509	1	11002000107	900000000000073002
7281002000107	20250509	1	11002000107	900000000000073002
7291002000105	20250509	1	11002000107	900000000000074008
7301002000106	20250509	1	11002000107	900000000000073002
7311002000109	20250509	1	11002000107	900000000000074008
7321002000103	20250509	1	11002000107	900000000000074008
7331002000100	20250509	1	11002000107	900000000000074008
7341002000108	20250509	1	11002000107	900000000000074008
7351002000105	20250509	1	11002000107	900000000000074008
7361002000107	20250509	1	11002000107	900000000000074008
7371002000102	20250509	1	11002000107	900000000000074008
7381002000104	20250509	1	11002000107	900000000000074008
7391002000101	20250509	1	11002000107	900000000000074008
7401002000104	20250509	1	11002000107	900000000000073002
7411002000101	20250509	1	11002000107	900000000000074008
7421002000107	20250509	1	11002000107	900000000000074008
7431002000105	20250509	1	11002000107	900000000000074008
7441002000102	20250509	1	11002000107	900000000000074008
7451002000100	20250509	1	11002000107	900000000000074008
7461002000103	20250509	1	11002000107	900000000000074008
7471002000108	20250509	1	11002000107	900000000000074008
7481002000106	20250509	1	11002000107	900000000000074008
7491002000109	20250509	1	11002000107	900000000000074008
7501002000103	20250509	1	11002000107	900000000000074008
7511002000100	20250509	1	11002000107	900000000000074008
7521002000106	20250509	1	11002000107	900000000000074008
7531002000109	20250509	1	11002000107	900000000000074008
7541002000101	20250509	1	11002000107	900000000000074008
7551002000104	20250509	1	11002000107	900000000000074008
7561002000102	20250509	1	11002000107	900000000000074008
7571002000107	20250509	1	11002000107	900000000000074008
7581002000105	20250509	1	11002000107	900000000000074008
7591002000108	20250509	1	11002000107	900000000000074008
7601002000102	20250509	1	11002000107	900000000000074008
7611002000104	20250509	1	11002000107	900000000000074008
7621002000105	20250509	1	11002000107	900000000000074008
7631002000108	20250509	1	11002000107	900000000000074008
7641002000100	20250509	1	11002000107	900000000000073002
7651002000103	20250509	1	11002000107	900000000000074008
7661002000101	20250509	1	11002000107	900000000000074008
7671002000106	20250509	1	11002000107	900000000000074008
7681002000109	20250509	1	11002000107	900000000000074008
7691002000107	20250509	1	11002000107	900000000000074008
7701002000107	20250509	1	11002000107	900000000000074008
7711002000105	20250509	1	11002000107	900000000000073002
7721002000104	20250509	1	11002000107	900000000000074008
7731002000101	20250509	1	11002000107	900000000000074008
7741002000109	20250509	1	11002000107	900000000000074008
7751002000106	20250509	1	11002000107	900000000000074008
7761002000108	20250509	1	11002000107	900000000000074008
7771002000103	20250509	1	11002000107	900000000000074008
7781002000100	20250509	1	11002000107	900000000000074008
7791002000102	20250509	1	11002000107	900000000000073002
7801002000101	20250509	1	11002000107	900000000000073002
7811002000103	20250509	1	11002000107	900000000000073002
7821002000109	20250509	1	11002000107	900000000000074008
7831002000107	20250509	1	11002000107	900000000000074008
7841002000104	20250509	1	11002000107	900000000000074008
7851002000102	20250509	1	11002000107	900000000000074008
7861002000100	20250509	1	11002000107	900000000000074008
7871002000105	20250509	1	11002000107	900000000000074008
7881002000108	20250509	1	11002000107	900000000000074008
7891002000106	20250509	1	11002000107	900000000000074008
7901002000105	20250509	1	11002000107	900000000000074008
7911002000108	20250509	1	11002000107	900000000000074008
7921002000102	20250509	1	11002000107	900000000000074008
7931002000104	20250509	1	11002000107	900000000000074008
7941002000107	20250509	1	11002000107	900000000000074008
7951002000109	20250509	1	11002000107	900000000000074008
7961002000106	20250509	1	11002000107	900000000000074008
7971002000101	20250509	1	11002000107	900000000000074008
7981002000103	20250509	1	11002000107	900000000000074008
7991002000100	20250509	1	11002000107	900000000000074008
8001002000108	20250509	1	11002000107	900000000000074008
8011002000106	20250509	1	11002000107	900000000000074008
8021002000100	20250509	1	11002000107	900000000000074008
8031002000102	20250509	1	11002000107	900000000000074008
8041002000105	20250509	1	11002000107	900000000000074008
8051002000107	20250509	1	11002000107	900000000000074008
8061002000109	20250509	1	11002000107	900000000000074008
8071002000104	20250509	1	11002000107	900000000000074008
8081002000101	20250509	1	11002000107	900000000000074008
8091002000103	20250509	1	11002000107	900000000000074008
8101002000107	20250509	1	11002000107	900000000000074008
8111002000105	20250509	1	11002000107	900000000000074008
8121002000104	20250509	1	11002000107	900000000000074008
8131002000101	20250509	1	11002000107	900000000000074008
8141002000109	20250509	1	11002000107	900000000000074008
8151002000106	20250509	1	11002000107	900000000000074008
8161002000108	20250509	1	11002000107	900000000000074008
8171002000103	20250509	1	11002000107	900000000000074008
8181002000100	20250509	1	11002000107	900000000000074008
8191002000102	20250509	1	11002000107	900000000000074008
8201002000104	20250509	1	11002000107	900000000000074008
8211002000101	20250509	1	11002000107	900000000000074008
8221002000107	20250509	1	11002000107	900000000000074008
8231002000105	20250509	1	11002000107	900000000000074008
8241002000102	20250509	1	11002000107	900000000000074008
8251002000100	20250509	1	11002000107	900000000000074008
8261002000103	20250509	1	11002000107	900000000000074008
8271002000108	20250509	1	11002000107	900000000000074008
8281002000106	20250509	1	11002000107	900000000000074008
8291002000109	20250509	1	11002000107	900000000000074008
8301002000105	20250509	1	11002000107	900000000000074008
8311002000108	20250509	1	11002000107	900000000000074008
8321002000102	20250509	1	11002000107	900000000000074008
8331002000104	20250509	1	11002000107	900000000000074008
8341002000107	20250509	1	11002000107	900000000000074008
8351002000109	20250509	1	11002000107	900000000000074008
8361002000106	20250509	1	11002000107	900000000000074008
8371002000101	20250509	1	11002000107	900000000000074008
8381002000103	20250509	1	11002000107	900000000000074008
8391002000100	20250509	1	11002000107	900000000000074008
8401002000103	20250509	1	11002000107	900000000000074008
8411002000100	20250509	1	11002000107	900000000000074008
8421002000106	20250509	1	11002000107	900000000000074008
8431002000109	20250509	1	11002000107	900000000000074008
8441002000101	20250509	1	11002000107	900000000000074008
8451002000104	20250509	1	11002000107	900000000000074008
8461002000102	20250509	1	11002000107	900000000000074008
8471002000107	20250509	1	11002000107	900000000000074008
8481002000105	20250509	1	11002000107	900000000000074008
8491002000108	20250509	1	11002000107	900000000000074008
8501002000102	20250509	1	11002000107	900000000000074008
8511002000104	20250509	1	11002000107	900000000000074008
8521002000105	20250509	1	11002000107	900000000000074008
8531002000108	20250509	1	11002000107	900000000000074008
8541002000100	20250509	1	11002000107	900000000000073002
8551002000103	20250509	1	11002000107	900000000000073002
8561002000101	20250509	1	11002000107	900000000000073002
8571002000106	20250509	1	11002000107	900000000000074008
8581002000109	20250509	1	11002000107	900000000000074008
8591002000107	20250509	1	11002000107	900000000000074008
8601002000101	20250509	1	11002000107	900000000000074008
8611002000103	20250509	1	11002000107	900000000000074008
8621002000109	20250509	1	11002000107	900000000000074008
8631002000107	20250509	1	11002000107	900000000000074008
8641002000104	20250509	1	11002000107	900000000000074008
8651002000102	20250509	1	11002000107	900000000000074008
8661002000100	20250509	1	11002000107	900000000000074008
8671002000105	20250509	1	11002000107	900000000000074008
8681002000108	20250509	1	11002000107	900000000000074008
8691002000106	20250509	1	11002000107	900000000000074008
8701002000106	20250509	1	11002000107	900000000000074008
8711002000109	20250509	1	11002000107	900000000000074008
8721002000103	20250509	1	11002000107	900000000000074008
8731002000100	20250509	1	11002000107	900000000000074008
8741002000108	20250509	1	11002000107	900000000000074008
8751002000105	20250509	1	11002000107	900000000000074008
8761002000107	20250509	1	11002000107	900000000000074008
8771002000102	20250509	1	11002000107	900000000000074008
8781002000104	20250509	1	11002000107	900000000000074008
8791002000101	20250509	1	11002000107	900000000000074008
8801002000100	20250509	1	11002000107	900000000000074008
8811002000102	20250509	1	11002000107	900000000000074008
8821002000108	20250509	1	11002000107	900000000000074008
8831002000106	20250509	1	11002000107	900000000000074008
8841002000103	20250509	1	11002000107	900000000000074008
8851002000101	20250509	1	11002000107	900000000000074008
8861002000104	20250509	1	11002000107	900000000000074008
8871002000109	20250509	1	11002000107	900000000000074008
8881002000107	20250509	1	11002000107	900000000000074008
8891002000105	20250509	1	11002000107	900000000000074008
8901002000109	20250509	1	11002000107	900000000000074008
8911002000107	20250509	1	11002000107	900000000000074008
8921002000101	20250509	1	11002000107	900000000000074008
8931002000103	20250509	1	11002000107	900000000000074008
8941002000106	20250509	1	11002000107	900000000000074008
8951002000108	20250509	1	11002000107	900000000000074008
8961002000105	20250509	1	11002000107	900000000000074008
8971002000100	20250509	1	11002000107	900000000000074008
8981002000102	20250509	1	11002000107	900000000000074008
8991002000104	20250509	1	11002000107	900000000000074008
9001002000104	20250509	1	11002000107	900000000000074008
9011002000101	20250509	1	11002000107	900000000000074008
9021002000107	20250509	1	11002000107	900000000000074008
9031002000105	20250509	1	11002000107	900000000000074008
9041002000102	20250509	1	11002000107	900000000000074008
9051002000100	20250509	1	11002000107	900000000000074008
9061002000103	20250509	1	11002000107	900000000000074008
9071002000108	20250509	1	11002000107	900000000000074008
9081002000106	20250509	1	11002000107	900000000000074008
9091002000109	20250509	1	11002000107	900000000000074008
9101002000100	20250509	1	11002000107	900000000000074008
9111002000102	20250509	1	11002000107	900000000000074008
9121002000108	20250509	1	11002000107	900000000000074008
9131002000106	20250509	1	11002000107	900000000000074008
9141002000103	20250509	1	11002000107	900000000000074008
9151002000101	20250509	1	11002000107	900000000000074008
9161002000104	20250509	1	11002000107	900000000000073002
9171002000109	20250509	1	11002000107	900000000000074008
9181002000107	20250509	1	11002000107	900000000000074008
9191002000105	20250509	1	11002000107	900000000000074008
9201002000108	20250509	1	11002000107	900000000000074008
9211002000106	20250509	1	11002000107	900000000000074008
9221002000100	20250509	1	11002000107	900000000000074008
9231002000102	20250509	1	11002000107	900000000000074008
9241002000105	20250509	1	11002000107	900000000000074008
9251002000107	20250509	1	11002000107	900000000000074008
9261002000109	20250509	1	11002000107	900000000000074008
9271002000104	20250509	1	11002000107	900000000000074008
9281002000101	20250509	1	11002000107	900000000000074008
9291002000103	20250509	1	11002000107	900000000000074008
9301002000102	20250509	1	11002000107	900000000000074008
9311002000104	20250509	1	11002000107	900000000000074008
9321002000105	20250509	1	11002000107	900000000000074008
9331002000108	20250509	1	11002000107	900000000000074008
9341002000100	20250509	1	11002000107	900000000000074008
9351002000103	20250509	1	11002000107	900000000000074008
9361002000101	20250509	1	11002000107	900000000000073002
9371002000106	20250509	1	11002000107	900000000000073002
9381002000109	20250509	1	11002000107	900000000000074008
9391002000107	20250509	1	11002000107	900000000000073002
9401002000109	20250509	1	11002000107	900000000000073002
9411002000107	20250509	1	11002000107	900000000000073002
9421002000101	20250509	1	11002000107	900000000000074008
9431002000103	20250509	1	11002000107	900000000000073002
9441002000106	20250509	1	11002000107	900000000000074008
9451002000108	20250509	1	11002000107	900000000000073002
9461002000105	20250509	1	11002000107	900000000000073002
9471002000100	20250509	1	11002000107	900000000000073002
9481002000102	20250509	1	11002000107	900000000000073002
9491002000104	20250509	1	11002000107	900000000000073002
9501002000105	20250509	1	11002000107	900000000000073002
9511002000108	20250509	1	11002000107	900000000000073002
9521002000102	20250509	1	11002000107	900000000000074008
9531002000104	20250509	1	11002000107	900000000000073002
9541002000107	20250509	1	11002000107	900000000000074008
9551002000109	20250509	1	11002000107	900000000000074008
9561002000106	20250509	1	11002000107	900000000000073002
9571002000101	20250509	1	11002000107	900000000000073002
9581002000103	20250509	1	11002000107	900000000000073002
9591002000100	20250509	1	11002000107	900000000000073002
9601002000106	20250509	1	11002000107	900000000000073002
9611002000109	20250509	1	11002000107	900000000000074008
9621002000103	20250509	1	11002000107	900000000000073002
9631002000100	20250509	1	11002000107	900000000000074008
9641002000108	20250509	1	11002000107	900000000000073002
9651002000105	20250509	1	11002000107	900000000000074008
9661002000107	20250509	1	11002000107	900000000000073002
9671002000102	20250509	1	11002000107	900000000000074008
9681002000104	20250509	1	11002000107	900000000000073002
9691002000101	20250509	1	11002000107	900000000000074008
9701002000101	20250509	1	11002000107	900000000000073002
9711002000103	20250509	1	11002000107	900000000000074008
9721002000109	20250509	1	11002000107	900000000000073002
9731002000107	20250509	1	11002000107	900000000000073002
9741002000104	20250509	1	11002000107	900000000000074008
9751002000102	20250509	1	11002000107	900000000000073002
9761002000100	20250509	1	11002000107	900000000000073002
9771002000105	20250509	1	11002000107	900000000000074008
9781002000108	20250509	1	11002000107	900000000000073002
9791002000106	20250509	1	11002000107	900000000000073002
9801002000107	20250509	1	11002000107	900000000000074008
9811002000105	20250509	1	11002000107	900000000000073002
9821002000104	20250509	1	11002000107	900000000000074008
9831002000101	20250509	1	11002000107	900000000000073002
9841002000109	20250509	1	11002000107	900000000000074008
9851002000106	20250509	1	11002000107	900000000000073002
9861002000108	20250509	1	11002000107	900000000000073002
9871002000103	20250509	1	11002000107	900000000000073002
9881002000100	20250509	1	11002000107	900000000000074008
9891002000102	20250509	1	11002000107	900000000000073002
9901002000103	20250509	1	11002000107	900000000000073002
9911002000100	20250509	1	11002000107	900000000000073002
9921002000106	20250509	1	11002000107	900000000000074008
9931002000109	20250509	1	11002000107	900000000000073002
9941002000101	20250509	1	11002000107	900000000000074008
9951002000104	20250509	1	11002000107	900000000000073002
9961002000102	20250509	1	11002000107	900000000000074008
9971002000107	20250509	1	11002000107	900000000000073002
9981002000105	20250509	1	11002000107	900000000000074008
9991002000108	20250509	1	11002000107	900000000000074008
10001002000108	20250509	1	11002000107	900000000000074008
10011002000106	20250509	1	11002000107	900000000000074008
10021002000100	20250509	1	11002000107	900000000000074008
10031002000102	20250509	1	11002000107	900000000000074008
10041002000105	20250509	1	11002000107	900000000000074008
10051002000107	20250509	1	11002000107	900000000000073002
10061002000109	20250509	1	11002000107	900000000000074008
10071002000104	20250509	1	11002000107	900000000000074008
10081002000101	20250509	1	11002000107	900000000000074008
10091002000103	20250509	1	11002000107	900000000000074008
10101002000107	20250509	1	11002000107	900000000000074008
10111002000105	20250509	1	11002000107	900000000000074008
10121002000104	20250509	1	11002000107	900000000000074008
10131002000101	20250509	1	11002000107	900000000000074008
10141002000109	20250509	1	11002000107	900000000000074008
10151002000106	20250509	1	11002000107	900000000000074008
10161002000108	20250509	1	11002000107	900000000000074008
10171002000103	20250509	1	11002000107	900000000000073002
10181002000100	20250509	1	11002000107	900000000000074008
10191002000102	20250509	1	11002000107	900000000000074008
10201002000104	20250509	1	11002000107	900000000000073002
10211002000101	20250509	1	11002000107	900000000000073002
10221002000107	20250509	1	11002000107	900000000000073002
10231002000105	20250509	1	11002000107	900000000000073002
10241002000102	20250509	1	11002000107	900000000000073002
10251002000100	20250509	1	11002000107	900000000000073002
10261002000103	20250509	1	11002000107	900000000000073002
10271002000108	20250509	1	11002000107	900000000000073002
10281002000106	20250509	1	11002000107	900000000000073002
10291002000109	20250509	1	11002000107	900000000000074008
10301002000105	20250509	1	11002000107	900000000000073002
10311002000108	20250509	1	11002000107	900000000000073002
10321002000102	20250509	1	11002000107	900000000000073002
10331002000104	20250509	1	11002000107	900000000000073002
10341002000107	20250509	1	11002000107	900000000000073002
10351002000109	20250509	1	11002000107	900000000000073002
10361002000106	20250509	1	11002000107	900000000000073002
10371002000101	20250509	1	11002000107	900000000000074008
10381002000103	20250509	1	11002000107	900000000000074008
10391002000100	20250509	1	11002000107	900000000000074008
10401002000103	20250509	1	11002000107	900000000000074008
10411002000100	20250509	1	11002000107	900000000000074008
10421002000106	20250509	1	11002000107	900000000000074008
10431002000109	20250509	1	11002000107	900000000000074008
10441002000101	20250509	1	11002000107	900000000000074008
10451002000104	20250509	1	11002000107	900000000000074008
10461002000102	20250509	1	11002000107	900000000000074008
10471002000107	20250509	1	11002000107	900000000000074008
10481002000105	20250509	1	11002000107	900000000000074008
10491002000108	20250509	1	11002000107	900000000000073002
10501002000102	20250509	1	11002000107	900000000000074008
10511002000104	20250509	1	11002000107	900000000000073002
10521002000105	20250509	1	11002000107	900000000000074008
10531002000108	20250509	1	11002000107	900000000000074008
10541002000100	20250509	1	11002000107	900000000000074008
10551002000103	20250509	1	11002000107	900000000000074008
10561002000101	20250509	1	11002000107	900000000000074008
10571002000106	20250509	1	11002000107	900000000000074008
10581002000109	20250509	1	11002000107	900000000000074008
10591002000107	20250509	1	11002000107	900000000000074008
10601002000101	20250509	1	11002000107	900000000000074008
10611002000103	20250509	1	11002000107	900000000000074008
10621002000109	20250509	1	11002000107	900000000000074008
10631002000107	20250509	1	11002000107	900000000000074008
10641002000104	20250509	1	11002000107	900000000000074008
10651002000102	20250509	1	11002000107	900000000000074008
10661002000100	20250509	1	11002000107	900000000000073002
10671002000105	20250509	1	11002000107	900000000000074008
10681002000108	20250509	1	11002000107	900000000000073002
10691002000106	20250509	1	11002000107	900000000000074008
10701002000106	20250509	1	11002000107	900000000000073002
10711002000109	20250509	1	11002000107	900000000000074008
10721002000103	20250509	1	11002000107	900000000000073002
10731002000100	20250509	1	11002000107	900000000000074008
10741002000108	20250509	1	11002000107	900000000000073002
10751002000105	20250509	1	11002000107	900000000000074008
10761002000107	20250509	1	11002000107	900000000000073002
10771002000102	20250509	1	11002000107	900000000000074008
10781002000104	20250509	1	11002000107	900000000000074008
10791002000101	20250509	1	11002000107	900000000000074008
10801002000100	20250509	1	11002000107	900000000000073002
10811002000102	20250509	1	11002000107	900000000000074008
10821002000108	20250509	1	11002000107	900000000000073002
10831002000106	20250509	1	11002000107	900000000000074008
10841002000103	20250509	1	11002000107	900000000000073002
10851002000101	20250509	1	11002000107	900000000000074008
10861002000104	20250509	1	11002000107	900000000000073002
10871002000109	20250509	1	11002000107	900000000000074008
10881002000107	20250509	1	11002000107	900000000000073002
10891002000105	20250509	1	11002000107	900000000000074008
10901002000109	20250509	1	11002000107	900000000000073002
10911002000107	20250509	1	11002000107	900000000000074008
10921002000101	20250509	1	11002000107	900000000000073002
10931002000103	20250509	1	11002000107	900000000000073002
10941002000106	20250509	1	11002000107	900000000000073002
10951002000108	20250509	1	11002000107	900000000000073002
10961002000105	20250509	1	11002000107	900000000000074008
10971002000100	20250509	1	11002000107	900000000000073002
10981002000102	20250509	1	11002000107	900000000000074008
10991002000104	20250509	1	11002000107	900000000000073002
11001002000103	20250509	1	11002000107	900000000000073002
11011002000100	20250509	1	11002000107	900000000000073002
11021002000106	20250509	1	11002000107	900000000000073002
11031002000109	20250509	1	11002000107	900000000000073002
11041002000101	20250509	1	11002000107	900000000000073002
11051002000104	20250509	1	11002000107	900000000000073002
11061002000102	20250509	1	11002000107	900000000000074008
11071002000107	20250509	1	11002000107	900000000000073002
11081002000105	20250509	1	11002000107	900000000000073002
11091002000108	20250509	1	11002000107	900000000000074008
11101002000104	20250509	1	11002000107	900000000000073002
11111002000101	20250509	1	11002000107	900000000000074008
11121002000107	20250509	1	11002000107	900000000000074008
11131002000105	20250509	1	11002000107	900000000000073002
11141002000102	20250509	1	11002000107	900000000000074008
11151002000100	20250509	1	11002000107	900000000000074008
11161002000103	20250509	1	11002000107	900000000000073002
11171002000108	20250509	1	11002000107	900000000000074008
11181002000106	20250509	1	11002000107	900000000000073002
11191002000109	20250509	1	11002000107	900000000000074008
11201002000107	20250509	1	11002000107	900000000000073002
11211002000105	20250509	1	11002000107	900000000000074008
11221002000104	20250509	1	11002000107	900000000000074008
11231002000101	20250509	1	11002000107	900000000000074008
11241002000109	20250509	1	11002000107	900000000000074008
11251002000106	20250509	1	11002000107	900000000000073002
11261002000108	20250509	1	11002000107	900000000000074008
11271002000103	20250509	1	11002000107	900000000000074008
11281002000100	20250509	1	11002000107	900000000000074008
11291002000102	20250509	1	11002000107	900000000000074008
11301002000101	20250509	1	11002000107	900000000000074008
11311002000103	20250509	1	11002000107	900000000000073002
11321002000109	20250509	1	11002000107	900000000000073002
11331002000107	20250509	1	11002000107	900000000000074008
11341002000104	20250509	1	11002000107	900000000000074008
11351002000102	20250509	1	11002000107	900000000000074008
11361002000100	20250509	1	11002000107	900000000000074008
11371002000105	20250509	1	11002000107	900000000000074008
11381002000108	20250509	1	11002000107	900000000000073002
11391002000106	20250509	1	11002000107	900000000000073002
11401002000108	20250509	1	11002000107	900000000000073002
11411002000106	20250509	1	11002000107	900000000000074008
11421002000100	20250509	1	11002000107	900000000000073002
11431002000102	20250509	1	11002000107	900000000000074008
11441002000105	20250509	1	11002000107	900000000000073002
11451002000107	20250509	1	11002000107	900000000000074008
11461002000109	20250509	1	11002000107	900000000000074008
11471002000104	20250509	1	11002000107	900000000000074008
11481002000101	20250509	1	11002000107	900000000000074008
11491002000103	20250509	1	11002000107	900000000000074008
11501002000109	20250509	1	11002000107	900000000000074008
11511002000107	20250509	1	11002000107	900000000000074008
11521002000101	20250509	1	11002000107	900000000000074008
11531002000103	20250509	1	11002000107	900000000000074008
11541002000106	20250509	1	11002000107	900000000000074008
11551002000108	20250509	1	11002000107	900000000000074008
11561002000105	20250509	1	11002000107	900000000000074008
11571002000100	20250509	1	11002000107	900000000000074008
11581002000102	20250509	1	11002000107	900000000000074008
11591002000104	20250509	1	11002000107	900000000000074008
11601002000105	20250509	1	11002000107	900000000000074008
11611002000108	20250509	1	11002000107	900000000000074008
11621002000102	20250509	1	11002000107	900000000000074008
11631002000104	20250509	1	11002000107	900000000000074008
11641002000107	20250509	1	11002000107	900000000000074008
11651002000109	20250509	1	11002000107	900000000000074008
11661002000106	20250509	1	11002000107	900000000000074008
11671002000101	20250509	1	11002000107	900000000000074008
11681002000103	20250509	1	11002000107	900000000000074008
11691002000100	20250509	1	11002000107	900000000000074008
11701002000100	20250509	1	11002000107	900000000000074008
11711002000102	20250509	1	11002000107	900000000000074008
11721002000108	20250509	1	11002000107	900000000000074008
11731002000106	20250509	1	11002000107	900000000000074008
11741002000103	20250509	1	11002000107	900000000000074008
11751002000101	20250509	1	11002000107	900000000000074008
11761002000104	20250509	1	11002000107	900000000000074008
11771002000109	20250509	1	11002000107	900000000000074008
11781002000107	20250509	1	11002000107	900000000000074008
11791002000105	20250509	1	11002000107	900000000000074008
11801002000106	20250509	1	11002000107	900000000000074008
11811002000109	20250509	1	11002000107	900000000000074008
11821002000103	20250509	1	11002000107	900000000000074008
11831002000100	20250509	1	11002000107	900000000000074008
11841002000108	20250509	1	11002000107	900000000000074008
11851002000105	20250509	1	11002000107	900000000000074008
11861002000107	20250509	1	11002000107	900000000000074008
11871002000102	20250509	1	11002000107	900000000000074008
11881002000104	20250509	1	11002000107	900000000000074008
11891002000101	20250509	1	11002000107	900000000000074008
11901002000102	20250509	1	11002000107	900000000000074008
11911002000104	20250509	1	11002000107	900000000000074008
11921002000105	20250509	1	11002000107	900000000000074008
11931002000108	20250509	1	11002000107	900000000000074008
11941002000100	20250509	1	11002000107	900000000000074008
11951002000103	20250509	1	11002000107	900000000000074008
11961002000101	20250509	1	11002000107	900000000000074008
11971002000106	20250509	1	11002000107	900000000000073002
11981002000109	20250509	1	11002000107	900000000000074008
11991002000107	20250509	1	11002000107	900000000000074008
12001002000109	20250509	1	11002000107	900000000000074008
12011002000107	20250509	1	11002000107	900000000000074008
12021002000101	20250509	1	11002000107	900000000000074008
12031002000103	20250509	1	11002000107	900000000000074008
12041002000106	20250509	1	11002000107	900000000000074008
12051002000108	20250509	1	11002000107	900000000000074008
12061002000105	20250509	1	11002000107	900000000000074008
12071002000100	20250509	1	11002000107	900000000000074008
12081002000102	20250509	1	11002000107	900000000000074008
12091002000104	20250509	1	11002000107	900000000000074008
12101002000108	20250509	1	11002000107	900000000000074008
12111002000106	20250509	1	11002000107	900000000000074008
12121002000100	20250509	1	11002000107	900000000000074008
12131002000102	20250509	1	11002000107	900000000000074008
12141002000105	20250509	1	11002000107	900000000000074008
12151002000107	20250509	1	11002000107	900000000000074008
12161002000109	20250509	1	11002000107	900000000000074008
12171002000104	20250509	1	11002000107	900000000000074008
12181002000101	20250509	1	11002000107	900000000000074008
12191002000103	20250509	1	11002000107	900000000000074008
12201002000100	20250509	1	11002000107	900000000000074008
12211002000102	20250509	1	11002000107	900000000000074008
12221002000108	20250509	1	11002000107	900000000000074008
12231002000106	20250509	1	11002000107	900000000000074008
12241002000103	20250509	1	11002000107	900000000000074008
12251002000101	20250509	1	11002000107	900000000000074008
12261002000104	20250509	1	11002000107	900000000000074008
12271002000109	20250509	1	11002000107	900000000000074008
12281002000107	20250509	1	11002000107	900000000000074008
12291002000105	20250509	1	11002000107	900000000000074008
12301002000106	20250509	1	11002000107	900000000000074008
12311002000109	20250509	1	11002000107	900000000000074008
12321002000103	20250509	1	11002000107	900000000000074008
12331002000100	20250509	1	11002000107	900000000000074008
12341002000108	20250509	1	11002000107	900000000000074008
12351002000105	20250509	1	11002000107	900000000000074008
12361002000107	20250509	1	11002000107	900000000000074008
12371002000102	20250509	1	11002000107	900000000000074008
12381002000104	20250509	1	11002000107	900000000000074008
12391002000101	20250509	1	11002000107	900000000000074008
12401002000104	20250509	1	11002000107	900000000000074008
12411002000101	20250509	1	11002000107	900000000000074008
12421002000107	20250509	1	11002000107	900000000000074008
12431002000105	20250509	1	11002000107	900000000000074008
12441002000102	20250509	1	11002000107	900000000000074008
12451002000100	20250509	1	11002000107	900000000000074008
12461002000103	20250509	1	11002000107	900000000000074008
12471002000108	20250509	1	11002000107	900000000000074008
12481002000106	20250509	1	11002000107	900000000000074008
12491002000109	20250509	1	11002000107	900000000000074008
12501002000103	20250509	1	11002000107	900000000000074008
12511002000100	20250509	1	11002000107	900000000000074008
12521002000106	20250509	1	11002000107	900000000000073002
12531002000109	20250509	1	11002000107	900000000000073002
12541002000101	20250509	1	11002000107	900000000000073002
12551002000104	20250509	1	11002000107	900000000000074008
12561002000102	20250509	1	11002000107	900000000000074008
12571002000107	20250509	1	11002000107	900000000000074008
12581002000105	20250509	1	11002000107	900000000000073002
12591002000108	20250509	1	11002000107	900000000000074008
12601002000102	20250509	1	11002000107	900000000000073002
12611002000104	20250509	1	11002000107	900000000000073002
12621002000105	20250509	1	11002000107	900000000000073002
12631002000108	20250509	1	11002000107	900000000000074008
12641002000100	20250509	1	11002000107	900000000000074008
12651002000103	20250509	1	11002000107	900000000000074008
12661002000101	20250509	1	11002000107	900000000000074008
12671002000106	20250509	1	11002000107	900000000000074008
12681002000109	20250509	1	11002000107	900000000000074008
12691002000107	20250509	1	11002000107	900000000000074008
12701002000107	20250509	1	11002000107	900000000000074008
12711002000105	20250509	1	11002000107	900000000000074008
12721002000104	20250509	1	11002000107	900000000000074008
12731002000101	20250509	1	11002000107	900000000000074008
12741002000109	20250509	1	11002000107	900000000000074008
12751002000106	20250509	1	11002000107	900000000000074008
12761002000108	20250509	1	11002000107	900000000000074008
12771002000103	20250509	1	11002000107	900000000000074008
12781002000100	20250509	1	11002000107	900000000000074008
12791002000102	20250509	1	11002000107	900000000000074008
12801002000101	20250509	1	11002000107	900000000000074008
12811002000103	20250509	1	11002000107	900000000000074008
12821002000109	20250509	1	11002000107	900000000000074008
12831002000107	20250509	1	11002000107	900000000000074008
12841002000104	20250509	1	11002000107	900000000000074008
12851002000102	20250509	1	11002000107	900000000000074008
12861002000100	20250509	1	11002000107	900000000000074008
12871002000105	20250509	1	11002000107	900000000000074008
12881002000108	20250509	1	11002000107	900000000000074008
12891002000106	20250509	1	11002000107	900000000000074008
12901002000105	20250509	1	11002000107	900000000000074008
12911002000108	20250509	1	11002000107	900000000000074008
12921002000102	20250509	1	11002000107	900000000000073002
12931002000104	20250509	1	11002000107	900000000000074008
12941002000107	20250509	1	11002000107	900000000000073002
12951002000109	20250509	1	11002000107	900000000000074008
12961002000106	20250509	1	11002000107	900000000000073002
12971002000101	20250509	1	11002000107	900000000000074008
12981002000103	20250509	1	11002000107	900000000000073002
12991002000100	20250509	1	11002000107	900000000000074008
13001002000104	20250509	1	11002000107	900000000000073002
13011002000101	20250509	1	11002000107	900000000000074008
13021002000107	20250509	1	11002000107	900000000000073002
13031002000105	20250509	1	11002000107	900000000000074008
13041002000102	20250509	1	11002000107	900000000000073002
13051002000100	20250509	1	11002000107	900000000000074008
13061002000103	20250509	1	11002000107	900000000000073002
13071002000108	20250509	1	11002000107	900000000000074008
13081002000106	20250509	1	11002000107	900000000000074008
13091002000109	20250509	1	11002000107	900000000000073002
13101002000100	20250509	1	11002000107	900000000000073002
13111002000102	20250509	1	11002000107	900000000000074008
13121002000108	20250509	1	11002000107	900000000000073002
13131002000106	20250509	1	11002000107	900000000000074008
13141002000103	20250509	1	11002000107	900000000000074008
13151002000101	20250509	1	11002000107	900000000000073002
13161002000104	20250509	1	11002000107	900000000000074008
13171002000109	20250509	1	11002000107	900000000000074008
13181002000107	20250509	1	11002000107	900000000000074008
13191002000105	20250509	1	11002000107	900000000000074008
13201002000108	20250509	1	11002000107	900000000000074008
13211002000106	20250509	1	11002000107	900000000000074008
13221002000100	20250509	1	11002000107	900000000000074008
13231002000102	20250509	1	11002000107	900000000000074008
13241002000105	20250509	1	11002000107	900000000000074008
13251002000107	20250509	1	11002000107	900000000000074008
13261002000109	20250509	1	11002000107	900000000000074008
13271002000104	20250509	1	11002000107	900000000000074008
13281002000101	20250509	1	11002000107	900000000000074008
13291002000103	20250509	1	11002000107	900000000000074008
13301002000102	20250509	1	11002000107	900000000000074008
13311002000104	20250509	1	11002000107	900000000000074008
13321002000105	20250509	1	11002000107	900000000000074008
13331002000108	20250509	1	11002000107	900000000000074008
13341002000100	20250509	1	11002000107	900000000000074008
13351002000103	20250509	1	11002000107	900000000000074008
13361002000101	20250509	1	11002000107	900000000000074008
13371002000106	20250509	1	11002000107	900000000000074008
13381002000109	20250509	1	11002000107	900000000000074008
13391002000107	20250509	1	11002000107	900000000000074008
13401002000109	20250509	1	11002000107	900000000000074008
13411002000107	20250509	1	11002000107	900000000000074008
13421002000101	20250509	1	11002000107	900000000000074008
13431002000103	20250509	1	11002000107	900000000000074008
13441002000106	20250509	1	11002000107	900000000000074008
13451002000108	20250509	1	11002000107	900000000000074008
13461002000105	20250509	1	11002000107	900000000000074008
13471002000100	20250509	1	11002000107	900000000000074008
13481002000102	20250509	1	11002000107	900000000000074008
13491002000104	20250509	1	11002000107	900000000000074008
13501002000105	20250509	1	11002000107	900000000000074008
13511002000108	20250509	1	11002000107	900000000000074008
13521002000102	20250509	1	11002000107	900000000000074008
13531002000104	20250509	1	11002000107	900000000000074008
13541002000107	20250509	1	11002000107	900000000000074008
13551002000109	20250509	1	11002000107	900000000000074008
13561002000106	20250509	1	11002000107	900000000000074008
13571002000101	20250509	1	11002000107	900000000000074008
13581002000103	20250509	1	11002000107	900000000000074008
13591002000100	20250509	1	11002000107	900000000000074008
13601002000106	20250509	1	11002000107	900000000000074008
13611002000109	20250509	1	11002000107	900000000000073002
13621002000103	20250509	1	11002000107	900000000000074008
13631002000100	20250509	1	11002000107	900000000000073002
13641002000108	20250509	1	11002000107	900000000000074008
13651002000105	20250509	1	11002000107	900000000000074008
13661002000107	20250509	1	11002000107	900000000000073002
13671002000102	20250509	1	11002000107	900000000000073002
13681002000104	20250509	1	11002000107	900000000000073002
13691002000101	20250509	1	11002000107	900000000000073002
13701002000101	20250509	1	11002000107	900000000000073002
13711002000103	20250509	1	11002000107	900000000000073002
13721002000109	20250509	1	11002000107	900000000000073002
13731002000107	20250509	1	11002000107	900000000000073002
13741002000104	20250509	1	11002000107	900000000000073002
13751002000102	20250509	1	11002000107	900000000000073002
13761002000100	20250509	1	11002000107	900000000000073002
13771002000105	20250509	1	11002000107	900000000000073002
13781002000108	20250509	1	11002000107	900000000000073002
13791002000106	20250509	1	11002000107	900000000000073002
13801002000107	20250509	1	11002000107	900000000000073002
13811002000105	20250509	1	11002000107	900000000000073002
13821002000104	20250509	1	11002000107	900000000000073002
13831002000101	20250509	1	11002000107	900000000000073002
13841002000109	20250509	1	11002000107	900000000000073002
13851002000106	20250509	1	11002000107	900000000000073002
13861002000108	20250509	1	11002000107	900000000000073002
13871002000103	20250509	1	11002000107	900000000000073002
13881002000100	20250509	1	11002000107	900000000000073002
13891002000102	20250509	1	11002000107	900000000000073002
13901002000103	20250509	1	11002000107	900000000000073002
13911002000100	20250509	1	11002000107	900000000000073002
13921002000106	20250509	1	11002000107	900000000000073002
13931002000109	20250509	1	11002000107	900000000000073002
13941002000101	20250509	1	11002000107	900000000000073002
13951002000104	20250509	1	11002000107	900000000000073002
13961002000102	20250509	1	11002000107	900000000000073002
13971002000107	20250509	1	11002000107	900000000000073002
13981002000105	20250509	1	11002000107	900000000000073002
13991002000108	20250509	1	11002000107	900000000000074008
14001002000101	20250509	1	11002000107	900000000000073002
14011002000103	20250509	1	11002000107	900000000000073002
14021002000109	20250509	1	11002000107	900000000000073002
14031002000107	20250509	1	11002000107	900000000000073002
14041002000104	20250509	1	11002000107	900000000000073002
14051002000102	20250509	1	11002000107	900000000000073002
14061002000100	20250509	1	11002000107	900000000000073002
14071002000105	20250509	1	11002000107	900000000000073002
14081002000108	20250509	1	11002000107	900000000000073002
14091002000106	20250509	1	11002000107	900000000000073002
14101002000102	20250509	1	11002000107	900000000000073002
14111002000104	20250509	1	11002000107	900000000000073002
14121002000105	20250509	1	11002000107	900000000000073002
14131002000108	20250509	1	11002000107	900000000000073002
14141002000100	20250509	1	11002000107	900000000000073002
14151002000103	20250509	1	11002000107	900000000000073002
14161002000101	20250509	1	11002000107	900000000000073002
14171002000106	20250509	1	11002000107	900000000000073002
14181002000109	20250509	1	11002000107	900000000000073002
14191002000107	20250509	1	11002000107	900000000000073002
14201002000105	20250509	1	11002000107	900000000000073002
14211002000108	20250509	1	11002000107	900000000000073002
14221002000102	20250509	1	11002000107	900000000000073002
14231002000104	20250509	1	11002000107	900000000000073002
14241002000107	20250509	1	11002000107	900000000000073002
14251002000109	20250509	1	11002000107	900000000000073002
14261002000106	20250509	1	11002000107	900000000000073002
14271002000101	20250509	1	11002000107	900000000000073002
14281002000103	20250509	1	11002000107	900000000000073002
14291002000100	20250509	1	11002000107	900000000000073002
14301002000104	20250509	1	11002000107	900000000000073002
14311002000101	20250509	1	11002000107	900000000000073002
14321002000107	20250509	1	11002000107	900000000000073002
14331002000105	20250509	1	11002000107	900000000000073002
14341002000102	20250509	1	11002000107	900000000000073002
14351002000100	20250509	1	11002000107	900000000000073002
14361002000103	20250509	1	11002000107	900000000000073002
14371002000108	20250509	1	11002000107	900000000000073002
14381002000106	20250509	1	11002000107	900000000000073002
14391002000109	20250509	1	11002000107	900000000000073002
14401002000106	20250509	1	11002000107	900000000000073002
14411002000109	20250509	1	11002000107	900000000000073002
14421002000103	20250509	1	11002000107	900000000000073002
14431002000100	20250509	1	11002000107	900000000000073002
14441002000108	20250509	1	11002000107	900000000000073002
14451002000105	20250509	1	11002000107	900000000000073002
14461002000107	20250509	1	11002000107	900000000000073002
14471002000102	20250509	1	11002000107	900000000000073002
14481002000104	20250509	1	11002000107	900000000000073002
14491002000101	20250509	1	11002000107	900000000000073002
14501002000107	20250509	1	11002000107	900000000000073002
14511002000105	20250509	1	11002000107	900000000000073002
14521002000104	20250509	1	11002000107	900000000000073002
14531002000101	20250509	1	11002000107	900000000000073002
14541002000109	20250509	1	11002000107	900000000000073002
14551002000106	20250509	1	11002000107	900000000000073002
14561002000108	20250509	1	11002000107	900000000000073002
14571002000103	20250509	1	11002000107	900000000000073002
14581002000100	20250509	1	11002000107	900000000000073002
14591002000102	20250509	1	11002000107	900000000000073002
14601002000108	20250509	1	11002000107	900000000000073002
14611002000106	20250509	1	11002000107	900000000000073002
14621002000100	20250509	1	11002000107	900000000000073002
14631002000102	20250509	1	11002000107	900000000000074008
14641002000105	20250509	1	11002000107	900000000000073002
14651002000107	20250509	1	11002000107	900000000000073002
14661002000109	20250509	1	11002000107	900000000000073002
14671002000104	20250509	1	11002000107	900000000000073002
14681002000101	20250509	1	11002000107	900000000000073002
14691002000103	20250509	1	11002000107	900000000000073002
14701002000103	20250509	1	11002000107	900000000000073002
14711002000100	20250509	1	11002000107	900000000000073002
14721002000106	20250509	1	11002000107	900000000000073002
14731002000109	20250509	1	11002000107	900000000000073002
14741002000101	20250509	1	11002000107	900000000000073002
14751002000104	20250509	1	11002000107	900000000000073002
14761002000102	20250509	1	11002000107	900000000000073002
14771002000107	20250509	1	11002000107	900000000000073002
14781002000105	20250509	1	11002000107	900000000000073002
14791002000108	20250509	1	11002000107	900000000000073002
14801002000109	20250509	1	11002000107	900000000000073002
14811002000107	20250509	1	11002000107	900000000000073002
14821002000101	20250509	1	11002000107	900000000000073002
14831002000103	20250509	1	11002000107	900000000000073002
14841002000106	20250509	1	11002000107	900000000000073002
14851002000108	20250509	1	11002000107	900000000000073002
14861002000105	20250509	1	11002000107	900000000000073002
14871002000100	20250509	1	11002000107	900000000000073002
14881002000102	20250509	1	11002000107	900000000000073002
14891002000104	20250509	1	11002000107	900000000000073002
14901002000100	20250509	1	11002000107	900000000000073002
14911002000102	20250509	1	11002000107	900000000000073002
14921002000108	20250509	1	11002000107	900000000000073002
14931002000106	20250509	1	11002000107	900000000000073002
14941002000103	20250509	1	11002000107	900000000000073002
14951002000101	20250509	1	11002000107	900000000000073002
14961002000104	20250509	1	11002000107	900000000000073002
14971002000109	20250509	1	11002000107	900000000000073002
14981002000107	20250509	1	11002000107	900000000000073002
14991002000105	20250509	1	11002000107	900000000000073002
15001002000100	20250509	1	11002000107	900000000000073002
15011002000102	20250509	1	11002000107	900000000000073002
15021002000108	20250509	1	11002000107	900000000000073002
15031002000106	20250509	1	11002000107	900000000000073002
15041002000103	20250509	1	11002000107	900000000000073002
15051002000101	20250509	1	11002000107	900000000000073002
15061002000104	20250509	1	11002000107	900000000000074008
15071002000109	20250509	1	11002000107	900000000000074008
15081002000107	20250509	1	11002000107	900000000000073002
15091002000105	20250509	1	11002000107	900000000000073002
15101002000101	20250509	1	11002000107	900000000000073002
15111002000103	20250509	1	11002000107	900000000000074008
15121002000109	20250509	1	11002000107	900000000000074008
15131002000107	20250509	1	11002000107	900000000000074008
15141002000104	20250509	1	11002000107	900000000000074008
15151002000102	20250509	1	11002000107	900000000000074008
15161002000100	20250509	1	11002000107	900000000000074008
15171002000105	20250509	1	11002000107	900000000000074008
15181002000108	20250509	1	11002000107	900000000000074008
15191002000106	20250509	1	11002000107	900000000000074008
15201002000109	20250509	1	11002000107	900000000000074008
15211002000107	20250509	1	11002000107	900000000000074008
15221002000101	20250509	1	11002000107	900000000000074008
15231002000103	20250509	1	11002000107	900000000000074008
15241002000106	20250509	1	11002000107	900000000000074008
15251002000108	20250509	1	11002000107	900000000000074008
15261002000105	20250509	1	11002000107	900000000000074008
15271002000100	20250509	1	11002000107	900000000000073002
15281002000102	20250509	1	11002000107	900000000000073002
15291002000104	20250509	1	11002000107	900000000000074008
15301002000103	20250509	1	11002000107	900000000000074008
15311002000100	20250509	1	11002000107	900000000000074008
15321002000106	20250509	1	11002000107	900000000000074008
15331002000109	20250509	1	11002000107	900000000000074008
15341002000101	20250509	1	11002000107	900000000000074008
15351002000104	20250509	1	11002000107	900000000000074008
15361002000102	20250509	1	11002000107	900000000000074008
15371002000107	20250509	1	11002000107	900000000000074008
15381002000105	20250509	1	11002000107	900000000000074008
15391002000108	20250509	1	11002000107	900000000000074008
15401002000105	20250509	1	11002000107	900000000000073002
15411002000108	20250509	1	11002000107	900000000000074008
15421002000102	20250509	1	11002000107	900000000000073002
15431002000104	20250509	1	11002000107	900000000000074008
15441002000107	20250509	1	11002000107	900000000000074008
15451002000109	20250509	1	11002000107	900000000000074008
15461002000106	20250509	1	11002000107	900000000000074008
15471002000101	20250509	1	11002000107	900000000000074008
15481002000103	20250509	1	11002000107	900000000000074008
15491002000100	20250509	1	11002000107	900000000000074008
15501002000106	20250509	1	11002000107	900000000000074008
15511002000109	20250509	1	11002000107	900000000000074008
15521002000103	20250509	1	11002000107	900000000000074008
15531002000100	20250509	1	11002000107	900000000000074008
15541002000108	20250509	1	11002000107	900000000000074008
15551002000105	20250509	1	11002000107	900000000000074008
15561002000107	20250509	1	11002000107	900000000000074008
15571002000102	20250509	1	11002000107	900000000000074008
15581002000104	20250509	1	11002000107	900000000000074008
15591002000101	20250509	1	11002000107	900000000000074008
15601002000107	20250509	1	11002000107	900000000000073002
15611002000105	20250509	1	11002000107	900000000000074008
15621002000104	20250509	1	11002000107	900000000000073002
15631002000101	20250509	1	11002000107	900000000000073002
15641002000109	20250509	1	11002000107	900000000000074008
15651002000106	20250509	1	11002000107	900000000000074008
15661002000108	20250509	1	11002000107	900000000000074008
15671002000103	20250509	1	11002000107	900000000000074008
15681002000100	20250509	1	11002000107	900000000000074008
15691002000102	20250509	1	11002000107	900000000000074008
15701002000102	20250509	1	11002000107	900000000000074008
15711002000104	20250509	1	11002000107	900000000000074008
15721002000105	20250509	1	11002000107	900000000000074008
15731002000108	20250509	1	11002000107	900000000000074008
15741002000100	20250509	1	11002000107	900000000000074008
15751002000103	20250509	1	11002000107	900000000000074008
15761002000101	20250509	1	11002000107	900000000000074008
15771002000106	20250509	1	11002000107	900000000000074008
15781002000109	20250509	1	11002000107	900000000000074008
15791002000107	20250509	1	11002000107	900000000000074008
15801002000108	20250509	1	11002000107	900000000000074008
15811002000106	20250509	1	11002000107	900000000000074008
15821002000100	20250509	1	11002000107	900000000000074008
15831002000102	20250509	1	11002000107	900000000000074008
15841002000105	20250509	1	11002000107	900000000000074008
15851002000107	20250509	1	11002000107	900000000000074008
15861002000109	20250509	1	11002000107	900000000000074008
15871002000104	20250509	1	11002000107	900000000000074008
15881002000101	20250509	1	11002000107	900000000000074008
15891002000103	20250509	1	11002000107	900000000000074008
15901002000104	20250509	1	11002000107	900000000000074008
15911002000101	20250509	1	11002000107	900000000000074008
15921002000107	20250509	1	11002000107	900000000000074008
15931002000105	20250509	1	11002000107	900000000000074008
15941002000102	20250509	1	11002000107	900000000000074008
15951002000100	20250509	1	11002000107	900000000000074008
15961002000103	20250509	1	11002000107	900000000000074008
15971002000108	20250509	1	11002000107	900000000000073002
15981002000106	20250509	1	11002000107	900000000000074008
15991002000109	20250509	1	11002000107	900000000000074008
16001002000105	20250509	1	11002000107	900000000000074008
16011002000108	20250509	1	11002000107	900000000000074008
16021002000102	20250509	1	11002000107	900000000000074008
16031002000104	20250509	1	11002000107	900000000000074008
16041002000107	20250509	1	11002000107	900000000000074008
16051002000109	20250509	1	11002000107	900000000000074008
16061002000106	20250509	1	11002000107	900000000000074008
16071002000101	20250509	1	11002000107	900000000000074008
16081002000103	20250509	1	11002000107	900000000000074008
16091002000100	20250509	1	11002000107	900000000000074008
16101002000109	20250509	1	11002000107	900000000000074008
16111002000107	20250509	1	11002000107	900000000000074008
16121002000101	20250509	1	11002000107	900000000000074008
16131002000103	20250509	1	11002000107	900000000000074008
16141002000106	20250509	1	11002000107	900000000000074008
16151002000108	20250509	1	11002000107	900000000000074008
16161002000105	20250509	1	11002000107	900000000000074008
16171002000100	20250509	1	11002000107	900000000000074008
16181002000102	20250509	1	11002000107	900000000000074008
16191002000104	20250509	1	11002000107	900000000000074008
16201002000101	20250509	1	11002000107	900000000000074008
16211002000103	20250509	1	11002000107	900000000000074008
16221002000109	20250509	1	11002000107	900000000000074008
16231002000107	20250509	1	11002000107	900000000000074008
16241002000104	20250509	1	11002000107	900000000000074008
16251002000102	20250509	1	11002000107	900000000000074008
16261002000100	20250509	1	11002000107	900000000000074008
16271002000105	20250509	1	11002000107	900000000000074008
16281002000108	20250509	1	11002000107	900000000000074008
16291002000106	20250509	1	11002000107	900000000000074008
16301002000107	20250509	1	11002000107	900000000000074008
16311002000105	20250509	1	11002000107	900000000000074008
16321002000104	20250509	1	11002000107	900000000000074008
16331002000101	20250509	1	11002000107	900000000000074008
16341002000109	20250509	1	11002000107	900000000000073002
16351002000106	20250509	1	11002000107	900000000000074008
16361002000108	20250509	1	11002000107	900000000000074008
16371002000103	20250509	1	11002000107	900000000000074008
16381002000100	20250509	1	11002000107	900000000000074008
16391002000102	20250509	1	11002000107	900000000000074008
16401002000100	20250509	1	11002000107	900000000000074008
16411002000102	20250509	1	11002000107	900000000000074008
16421002000108	20250509	1	11002000107	900000000000074008
16431002000106	20250509	1	11002000107	900000000000074008
16441002000103	20250509	1	11002000107	900000000000074008
16451002000101	20250509	1	11002000107	900000000000074008
16461002000104	20250509	1	11002000107	900000000000074008
16471002000109	20250509	1	11002000107	900000000000074008
16481002000107	20250509	1	11002000107	900000000000074008
16491002000105	20250509	1	11002000107	900000000000074008
16501002000104	20250509	1	11002000107	900000000000074008
16511002000101	20250509	1	11002000107	900000000000074008
16521002000107	20250509	1	11002000107	900000000000074008
16531002000105	20250509	1	11002000107	900000000000074008
16541002000102	20250509	1	11002000107	900000000000074008
16551002000100	20250509	1	11002000107	900000000000074008
16561002000103	20250509	1	11002000107	900000000000074008
16571002000108	20250509	1	11002000107	900000000000074008
16581002000106	20250509	1	11002000107	900000000000074008
16591002000109	20250509	1	11002000107	900000000000074008
16601002000103	20250509	1	11002000107	900000000000074008
16611002000100	20250509	1	11002000107	900000000000074008
16621002000106	20250509	1	11002000107	900000000000074008
16631002000109	20250509	1	11002000107	900000000000074008
16641002000101	20250509	1	11002000107	900000000000074008
16651002000104	20250509	1	11002000107	900000000000074008
16661002000102	20250509	1	11002000107	900000000000074008
16671002000107	20250509	1	11002000107	900000000000074008
16681002000105	20250509	1	11002000107	900000000000074008
16691002000108	20250509	1	11002000107	900000000000074008
16701002000108	20250509	1	11002000107	900000000000074008
16711002000106	20250509	1	11002000107	900000000000074008
16721002000100	20250509	1	11002000107	900000000000074008
16731002000102	20250509	1	11002000107	900000000000074008
16741002000105	20250509	1	11002000107	900000000000074008
16751002000107	20250509	1	11002000107	900000000000074008
16761002000109	20250509	1	11002000107	900000000000074008
16771002000104	20250509	1	11002000107	900000000000074008
16781002000101	20250509	1	11002000107	900000000000074008
16791002000103	20250509	1	11002000107	900000000000074008
16801002000102	20250509	1	11002000107	900000000000074008
16811002000104	20250509	1	11002000107	900000000000074008
16821002000105	20250509	1	11002000107	900000000000074008
16831002000108	20250509	1	11002000107	900000000000074008
16841002000100	20250509	1	11002000107	900000000000074008
16851002000103	20250509	1	11002000107	900000000000074008
16861002000101	20250509	1	11002000107	900000000000074008
16871002000106	20250509	1	11002000107	900000000000074008
16881002000109	20250509	1	11002000107	900000000000074008
16891002000107	20250509	1	11002000107	900000000000074008
16901002000106	20250509	1	11002000107	900000000000074008
16911002000109	20250509	1	11002000107	900000000000074008
16921002000103	20250509	1	11002000107	900000000000074008
16931002000100	20250509	1	11002000107	900000000000074008
16941002000108	20250509	1	11002000107	900000000000074008
16951002000105	20250509	1	11002000107	900000000000074008
16961002000107	20250509	1	11002000107	900000000000074008
16971002000102	20250509	1	11002000107	900000000000074008
16981002000104	20250509	1	11002000107	900000000000074008
16991002000101	20250509	1	11002000107	900000000000074008
17001002000107	20250509	1	11002000107	900000000000074008
17011002000105	20250509	1	11002000107	900000000000074008
17021002000104	20250509	1	11002000107	900000000000074008
17031002000101	20250509	1	11002000107	900000000000074008
17041002000109	20250509	1	11002000107	900000000000073002
17051002000106	20250509	1	11002000107	900000000000073002
17061002000108	20250509	1	11002000107	900000000000073002
17071002000103	20250509	1	11002000107	900000000000073002
17081002000100	20250509	1	11002000107	900000000000073002
17091002000102	20250509	1	11002000107	900000000000073002
17101002000106	20250509	1	11002000107	900000000000073002
17111002000109	20250509	1	11002000107	900000000000073002
17121002000103	20250509	1	11002000107	900000000000073002
17131002000100	20250509	1	11002000107	900000000000073002
17141002000108	20250509	1	11002000107	900000000000073002
17151002000105	20250509	1	11002000107	900000000000073002
17161002000107	20250509	1	11002000107	900000000000073002
17171002000102	20250509	1	11002000107	900000000000073002
17181002000104	20250509	1	11002000107	900000000000073002
17191002000101	20250509	1	11002000107	900000000000073002
17201002000103	20250509	1	11002000107	900000000000073002
17211002000100	20250509	1	11002000107	900000000000073002
17221002000106	20250509	1	11002000107	900000000000073002
17231002000109	20250509	1	11002000107	900000000000073002
17241002000101	20250509	1	11002000107	900000000000074008
17251002000104	20250509	1	11002000107	900000000000074008
17261002000102	20250509	1	11002000107	900000000000074008
17271002000107	20250509	1	11002000107	900000000000074008
17281002000105	20250509	1	11002000107	900000000000074008
17291002000108	20250509	1	11002000107	900000000000074008
17301002000109	20250509	1	11002000107	900000000000074008
17311002000107	20250509	1	11002000107	900000000000074008
17321002000101	20250509	1	11002000107	900000000000074008
17331002000103	20250509	1	11002000107	900000000000074008
17341002000106	20250509	1	11002000107	900000000000074008
17351002000108	20250509	1	11002000107	900000000000074008
17361002000105	20250509	1	11002000107	900000000000074008
17371002000100	20250509	1	11002000107	900000000000074008
17381002000102	20250509	1	11002000107	900000000000074008
17391002000104	20250509	1	11002000107	900000000000074008
17401002000102	20250509	1	11002000107	900000000000074008
17411002000104	20250509	1	11002000107	900000000000074008
17421002000105	20250509	1	11002000107	900000000000074008
17431002000108	20250509	1	11002000107	900000000000074008
17441002000100	20250509	1	11002000107	900000000000074008
17451002000103	20250509	1	11002000107	900000000000074008
17461002000101	20250509	1	11002000107	900000000000074008
17471002000106	20250509	1	11002000107	900000000000074008
17481002000109	20250509	1	11002000107	900000000000074008
17491002000107	20250509	1	11002000107	900000000000074008
17501002000101	20250509	1	11002000107	900000000000074008
17511002000103	20250509	1	11002000107	900000000000074008
17521002000109	20250509	1	11002000107	900000000000074008
17531002000107	20250509	1	11002000107	900000000000074008
17541002000104	20250509	1	11002000107	900000000000074008
17551002000102	20250509	1	11002000107	900000000000074008
17561002000100	20250509	1	11002000107	900000000000074008
17571002000105	20250509	1	11002000107	900000000000074008
17581002000108	20250509	1	11002000107	900000000000074008
17591002000106	20250509	1	11002000107	900000000000074008
17601002000100	20250509	1	11002000107	900000000000074008
17611002000102	20250509	1	11002000107	900000000000074008
17621002000108	20250509	1	11002000107	900000000000074008
